Day of Week Stats:
         atr_14      volume   rel_vol
Mon  129.914347  204.218118  1.334899
Tue  128.269829  205.250164  1.032651
Wed  123.935002  206.290038  1.036350
Thu  122.186915  201.299943  0.987530
Fri  124.398664  211.352950  1.027935
Sat   66.180477  111.126125  0.651815
Sun   79.284968  122.978664  1.204234

Risk Profile (Kurtosis/Skewness):
      session   kurtosis  skewness
0  VN Session  31.822653 -0.488826
1  US Session  21.926857 -0.014955

Outliers by Hour (VN):
hour_vn
0     310
1     279
2     270
3     284
4     265
5     227
6     128
7     206
8     225
9     156
10     92
11     90
12     70
13     72
14     90
15    104
16     82
17     90
18     96
19    164
20    323
21    605
22    503
23    337