Hourly Stats (UTC):
               atr_14      volume   rel_vol  log_return
timestamp                                              
0          102.461813  173.867936  1.012837    0.000967
1          114.940289  171.058575  0.990551    0.000960
2          109.457749  152.142511  0.939608    0.000856
3           96.698958  131.788294  0.814883    0.000723
4           84.555390  120.639986  0.750359    0.000681
5           81.017634  123.740241  0.751735    0.000670
6           80.233074  131.656185  0.786056    0.000694
7           84.765331  151.941570  0.924612    0.000723
8           89.340648  158.722693  0.918214    0.000769
9           89.147137  156.659362  0.912636    0.000746
10          86.739299  153.040931  0.868571    0.000719
11          85.087210  152.184955  0.872590    0.000737
12          95.086177  191.901436  1.104173    0.000902
13         117.363368  235.431529  1.403687    0.001117
14         158.334882  297.547413  1.791117    0.001383
15         172.466349  299.279008  1.685803    0.001287
16         153.397791  255.413887  1.427432    0.001164
17         139.472662  220.411151  1.234069    0.001114
18         132.504501  206.444439  1.130405    0.001049
19         125.191990  208.190058  1.100332    0.001040
20         124.764087  197.715965  1.018916    0.001011
21         117.729311  156.111318  0.849783    0.000983
22         111.930583  141.899499  0.838898    0.000917
23         102.702764  142.361810  0.823660    0.000806

Session Stats:
                atr_14   rel_vol
session                         
Other       100.900125  0.931183
US Session  141.644776  1.338480
VN Session   91.689551  0.865722